0 8 14 6 9 12 2 
0 8 14 6 9 12 2 15 13 
0 8 14 6 9 4 2 
0 8 14 6 9 4 2 15 13 
0 8 14 15 13 
0 8 14 15 13 9 12 2 
0 8 14 15 13 9 4 2 
0 8 4 9 12 2 
0 8 4 9 12 2 15 13 
0 8 4 2 
0 8 4 2 15 13 
0 8 
0 8 10 9 12 2 
0 8 10 9 12 2 15 13 
0 8 10 9 4 2 
0 8 10 9 4 2 15 13 
0 8 10 
0 8 9 12 2 
0 8 9 12 2 15 13 
0 8 9 4 2 
0 8 9 4 2 15 13 
0 10 8 14 6 9 12 2 
0 10 8 14 6 9 12 2 15 13 
0 10 8 14 6 9 4 2 
0 10 8 14 6 9 4 2 15 13 
0 10 8 14 15 13 
0 10 8 14 15 13 9 12 2 
0 10 8 14 15 13 9 4 2 
0 10 8 4 9 12 2 
0 10 8 4 9 12 2 15 13 
0 10 8 4 2 
0 10 8 4 2 15 13 
0 10 8 
0 10 8 9 12 2 
0 10 8 9 12 2 15 13 
0 10 8 9 4 2 
0 10 8 9 4 2 15 13 
0 10 9 12 2 
0 10 9 12 2 15 13 
0 10 9 4 2 
0 10 9 4 2 15 13 
0 10 
2 15 13 9 12 
2 15 13 9 4 
4 9 
8 10 
