0 8 15 7 4 11 9 12 2 
0 8 15 7 4 11 9 2 
0 8 15 7 4 11 12 2 
0 8 15 7 13 11 9 12 2 
0 8 15 7 13 11 9 2 
0 8 15 7 13 11 12 2 
0 8 15 7 13 10 
0 8 15 10 
0 8 15 10 7 4 11 9 12 2 
0 8 15 10 7 4 11 9 2 
0 8 15 10 7 4 11 12 2 
0 8 15 10 7 13 11 9 12 2 
0 8 15 10 7 13 11 9 2 
0 8 15 10 7 13 11 12 2 
1 7 4 11 9 12 2 14 
1 7 4 11 9 12 2 5 
1 7 4 11 9 2 14 
1 7 4 11 9 2 5 
1 7 4 11 12 2 14 
1 7 4 11 12 2 5 
1 7 13 11 9 12 2 14 
1 7 13 11 9 12 2 5 
1 7 13 11 9 2 14 
1 7 13 11 9 2 5 
1 7 13 11 12 2 14 
1 7 13 11 12 2 5 
2 14 7 4 11 9 12 
2 14 7 4 11 9 
2 14 7 4 11 12 
2 14 7 13 11 9 12 
2 14 7 13 11 9 
2 14 7 13 11 12 
2 14 4 11 9 12 
2 14 4 11 9 
2 14 4 11 12 
2 5 12 
2 5 12 11 9 
2 5 12 4 11 9 
4 6 
4 11 9 6 
4 11 9 12 
4 11 12 
4 11 7 
7 13 11 
7 13 10 
9 12 11 
11 12 
