0 14 5 13 2 6 
0 14 5 13 2 6 4 
0 14 5 13 2 12 9 15 4 
0 14 5 13 2 12 4 
0 14 5 13 12 9 15 4 
0 14 5 13 12 4 
0 14 5 15 4 
0 14 5 15 4 13 2 6 
0 14 5 8 
0 14 5 8 6 
0 14 5 8 6 4 
0 14 12 5 13 2 6 
0 14 12 5 13 2 6 4 
0 14 12 5 15 4 
0 14 12 5 15 4 13 2 6 
0 14 12 5 8 
0 14 12 5 8 6 
0 14 12 5 8 6 4 
0 14 12 9 15 5 13 2 6 
0 14 12 9 15 5 13 2 6 4 
0 14 12 9 15 5 8 
0 14 12 9 15 5 8 6 
0 14 12 9 15 5 8 6 4 
0 14 12 9 15 4 
0 14 12 9 15 4 13 2 6 
0 14 12 9 15 4 13 2 5 8 
0 14 12 9 15 4 13 2 5 8 6 
0 14 12 4 15 5 13 2 6 
0 14 12 4 15 5 8 
0 14 12 4 15 5 8 6 
0 14 12 4 
0 14 12 4 13 2 6 
0 14 12 4 13 2 5 8 
0 14 12 4 13 2 5 8 6 
0 14 7 8 
0 14 7 8 6 
0 14 7 8 6 4 
2 6 4 15 5 13 
2 6 4 13 
2 5 13 
2 5 15 4 13 
2 5 14 12 9 15 4 13 
2 5 14 12 4 13 
2 5 14 7 8 6 4 13 
2 5 8 6 4 13 
2 12 5 13 
2 12 5 15 4 13 
2 12 5 14 7 8 6 4 13 
2 12 5 8 6 4 13 
2 12 9 15 5 13 
2 12 9 15 5 14 7 8 6 4 13 
2 12 9 15 5 8 6 4 13 
2 12 9 15 4 13 
2 12 4 15 5 13 
2 12 4 13 
4 15 5 13 12 
4 15 5 14 12 
4 15 5 14 7 8 6 
4 15 5 8 6 
4 15 
4 13 12 5 15 
4 13 12 5 14 7 8 6 
4 13 12 5 8 6 
4 13 12 9 15 5 14 7 8 6 
4 13 12 9 15 5 8 6 
4 13 12 9 15 
4 13 12 
5 13 12 
5 13 12 9 15 
5 15 
5 14 
5 14 12 
5 14 12 9 15 
