0 6 10 2 7 11 13 5 3 4 9 
0 6 10 2 7 11 13 5 3 12 9 
0 6 10 2 7 11 3 4 9 
0 6 10 2 7 11 3 12 9 
0 6 1 3 4 9 
0 6 1 3 12 9 
0 6 1 11 13 5 3 4 9 
0 6 1 11 13 5 3 12 9 
0 6 1 11 3 4 9 
0 6 1 11 3 12 9 
0 12 14 13 2 7 11 3 4 9 
0 12 14 13 5 11 3 4 9 
0 12 14 13 5 3 4 9 
0 12 1 3 4 9 
0 12 1 11 13 5 3 4 9 
0 12 1 11 3 4 9 
0 12 9 
0 1 3 4 9 
0 1 3 12 9 
0 1 11 13 5 3 4 9 
0 1 11 13 5 3 12 9 
0 1 11 3 4 9 
0 1 11 3 12 9 
1 3 12 
1 3 
1 11 13 5 3 12 
1 11 13 5 3 
1 11 3 12 
1 11 3 
2 7 11 13 
2 7 11 13 5 3 4 9 10 
2 7 11 13 5 3 4 10 
2 7 11 13 5 3 
2 7 11 13 5 3 12 9 10 
2 7 11 3 4 9 10 
2 7 11 3 4 10 
2 7 11 3 13 
2 7 11 3 
2 7 11 3 12 14 13 
2 7 11 3 12 9 10 
2 7 11 10 
3 13 5 11 
3 13 5 
3 12 14 13 5 11 
3 12 14 13 5 
5 11 13 
