0 6 12 4 
0 6 12 5 2 10 3 7 
0 6 12 5 2 10 3 7 13 1 9 15 14 
0 6 12 5 2 10 1 9 15 14 
0 6 12 5 2 10 1 9 11 3 7 
0 6 12 5 2 10 15 14 
0 6 12 5 2 14 
0 6 12 5 2 4 
0 6 12 5 4 
0 6 9 15 14 
0 6 9 11 3 7 
0 6 9 11 3 7 13 2 10 15 14 
0 6 9 11 3 7 13 2 14 
0 6 9 11 3 7 13 2 5 4 
0 6 9 11 3 7 13 2 4 
0 3 7 
0 3 7 13 2 10 1 9 15 14 
0 3 7 13 2 10 15 14 
0 3 7 13 2 14 
0 3 7 13 2 5 4 
0 3 7 13 2 4 
0 3 7 13 1 9 15 14 
0 8 5 2 10 3 7 
0 8 5 2 10 3 7 13 1 9 15 14 
0 8 5 2 10 1 9 15 14 
0 8 5 2 10 1 9 11 3 7 
0 8 5 2 10 15 14 
0 8 5 2 14 
0 8 5 2 4 
0 8 5 4 
0 11 3 7 
0 11 3 7 13 2 10 1 9 15 14 
0 11 3 7 13 2 10 15 14 
0 11 3 7 13 2 14 
0 11 3 7 13 2 5 4 
0 11 3 7 13 2 4 
0 11 3 7 13 1 9 15 14 
0 11 1 9 15 14 
1 9 11 3 7 13 2 10 
1 9 11 3 7 13 
1 9 11 
2 10 3 7 13 
2 5 
5 8 
