0 7 8 5 
0 7 8 5 14 
0 7 5 
0 7 5 14 
0 2 13 14 
0 2 13 14 6 8 5 
0 2 13 14 6 8 4 7 5 
0 2 13 7 8 5 
0 2 13 7 8 5 14 
0 2 13 7 5 
0 2 13 7 5 14 
0 2 4 7 8 5 
0 2 4 7 8 5 14 
0 2 4 7 5 
0 2 4 7 5 14 
0 2 4 8 5 
0 2 4 8 5 14 
0 10 4 7 8 5 
0 10 4 7 8 5 14 
0 10 4 7 5 
0 10 4 7 5 14 
0 10 4 8 5 
0 10 4 8 5 14 
0 10 12 4 7 8 5 
0 10 12 4 7 8 5 14 
0 10 12 4 7 5 
0 10 12 4 7 5 14 
0 10 12 4 8 5 
0 10 12 4 8 5 14 
0 10 12 5 
0 10 12 5 14 
1 7 8 5 
1 7 5 
4 7 8 5 10 
4 7 8 5 10 12 
4 7 8 5 12 
4 7 8 
4 7 5 10 
4 7 5 10 12 
4 7 5 12 
4 7 5 11 8 
4 7 5 9 8 
4 7 5 14 6 8 
4 8 5 10 
4 8 5 10 12 
4 8 5 12 
4 8 
5 10 12 
5 12 
5 11 8 
5 9 8 
5 14 6 8 
5 14 13 7 8 
5 14 13 7 
13 14 
