0 13 12 8 14 
0 6 5 3 15 13 12 8 14 
0 6 5 3 11 15 13 12 8 14 
0 6 5 9 13 12 8 14 
0 6 5 2 3 15 13 12 8 14 
0 6 5 2 3 11 15 13 12 8 14 
0 6 5 2 13 12 8 14 
0 10 6 5 3 15 13 12 8 14 
0 10 6 5 3 11 15 13 12 8 14 
0 10 6 5 9 13 12 8 14 
0 10 6 5 2 3 15 13 12 8 14 
0 10 6 5 2 3 11 15 13 12 8 14 
0 10 6 5 2 13 12 8 14 
2 3 15 13 12 8 14 10 6 5 
2 3 15 13 12 8 5 
2 3 15 6 5 
2 3 11 15 13 12 8 14 10 6 5 
2 3 11 15 13 12 8 5 
2 3 11 15 6 5 
2 3 11 6 5 
2 13 12 8 14 15 6 5 
2 13 12 8 14 10 6 5 
2 13 12 8 14 3 15 6 5 
2 13 12 8 14 3 11 15 6 5 
2 13 12 8 14 3 11 6 5 
2 13 12 8 15 6 5 
2 13 12 8 5 
3 15 13 12 8 14 10 6 5 
3 15 13 12 8 14 
3 15 13 12 8 5 
3 15 6 5 
3 15 6 5 9 13 12 8 14 
3 11 15 13 12 8 14 10 6 5 
3 11 15 13 12 8 14 
3 11 15 13 12 8 5 
3 11 15 6 5 
3 11 15 6 5 9 13 12 8 14 
3 11 6 5 
3 11 6 5 9 13 12 8 14 
5 9 13 12 8 14 15 6 
5 9 13 12 8 14 10 6 
5 9 13 12 8 15 6 
5 9 13 12 8 
8 14 15 13 12 
8 15 13 12 
8 9 13 12 
12 13 
